317.740, 129.490, 0.000,  0.000 False
317.740, 129.490, 0.002,  0.023 False
317.740, 129.490, 0.002,  0.056 False
317.740, 129.490, 0.002,  0.089 False
317.739, 129.490, 0.021,  0.122 False
317.738, 129.490, 0.031,  0.155 False
317.737, 129.490, 0.028,  0.188 False
317.736, 129.490, 0.025,  0.221 False
317.736, 129.490, 0.023,  0.254 False
317.735, 129.490, 0.021,  0.287 False
317.734, 129.490, 0.020,  0.320 False
317.733, 129.490, 0.019,  0.353 False
317.733, 129.490, 0.019,  0.386 False
317.732, 129.490, 0.019,  0.419 False
317.731, 129.490, 0.020,  0.452 False
317.730, 129.490, 0.022,  0.485 False
317.729, 129.490, 0.024,  0.518 False
317.728, 129.490, 0.027,  0.551 False
317.727, 129.490, 0.031,  0.584 False
317.726, 129.490, 0.038,  0.617 False
317.723, 129.490, 0.107,  0.650 False
317.717, 129.490, 0.165,  0.683 False
317.708, 129.490, 0.277,  0.716 False
317.696, 129.490, 0.364,  0.749 False
317.683, 129.490, 0.378,  0.782 False
317.670, 129.490, 0.382,  0.815 False
317.657, 129.490, 0.432,  0.848 False
317.642, 129.490, 0.457,  0.881 False
317.626, 129.490, 0.458,  0.914 False
317.610, 129.490, 0.482,  0.947 False
317.593, 129.490, 0.540,  0.980 False
317.574, 129.490, 0.573,  1.013 False
317.553, 129.490, 0.632,  1.046 False
317.530, 129.490, 0.751,  1.079 False
317.504, 129.490, 0.754,  1.112 False
317.479, 129.490, 0.768,  1.145 False
317.453, 129.490, 0.792,  1.178 False
317.425, 129.490, 0.832,  1.211 False
317.397, 129.490, 0.863,  1.244 False
317.367, 129.490, 0.893,  1.277 False
317.336, 129.490, 0.929,  1.310 False
317.304, 129.490, 0.976,  1.343 False
317.270, 129.490, 1.049,  1.376 False
317.234, 129.490, 1.083,  1.409 False
317.197, 129.490, 1.116,  1.442 False
317.159, 129.490, 1.150,  1.475 False
317.120, 129.491, 1.187,  1.508 False
317.079, 129.491, 1.232,  1.541 False
317.037, 129.491, 1.279,  1.574 False
316.993, 129.491, 1.328,  1.607 False
316.947, 129.491, 1.376,  1.640 False
316.900, 129.491, 1.425,  1.673 False
316.851, 129.491, 1.470,  1.706 False
316.801, 129.491, 1.517,  1.739 False
316.749, 129.491, 1.563,  1.772 False
316.696, 129.491, 1.609,  1.805 False
316.641, 129.491, 1.653,  1.838 False
316.585, 129.491, 1.696,  1.871 False
316.527, 129.491, 1.739,  1.904 False
316.468, 129.491, 1.781,  1.937 False
316.408, 129.491, 1.821,  1.970 False
316.346, 129.491, 1.863,  2.003 False
316.283, 129.491, 1.904,  2.036 False
316.219, 129.491, 1.943,  2.069 False
316.153, 129.491, 1.982,  2.102 False
316.086, 129.491, 2.022,  2.135 False
316.018, 129.491, 2.060,  2.168 False
315.948, 129.491, 2.099,  2.201 False
315.877, 129.492, 2.137,  2.234 False
315.805, 129.492, 2.175,  2.267 False
315.732, 129.492, 2.213,  2.300 False
315.657, 129.492, 2.250,  2.333 False
315.581, 129.492, 2.286,  2.366 False
315.504, 129.492, 2.321,  2.399 False
315.426, 129.492, 2.355,  2.432 False
315.347, 129.492, 2.390,  2.465 False
315.266, 129.492, 2.425,  2.498 False
315.184, 129.492, 2.459,  2.531 False
315.102, 129.492, 2.492,  2.564 False
315.018, 129.492, 2.526,  2.597 False
314.933, 129.492, 2.559,  2.630 False
314.847, 129.492, 2.592,  2.663 False
314.760, 129.492, 2.625,  2.696 False
314.671, 129.492, 2.659,  2.729 False
314.582, 129.492, 2.693,  2.762 False
314.491, 129.493, 2.726,  2.795 False
314.399, 129.493, 2.760,  2.828 False
314.307, 129.493, 2.793,  2.861 False
314.213, 129.493, 2.826,  2.894 False
314.118, 129.493, 2.859,  2.927 False
314.022, 129.493, 2.892,  2.960 False
313.924, 129.493, 2.925,  2.993 False
313.826, 129.493, 2.959,  3.026 False
313.727, 129.493, 2.992,  3.059 False
313.626, 129.493, 3.025,  3.092 False
313.524, 129.493, 3.057,  3.125 False
313.422, 129.493, 3.090,  3.158 False
313.318, 129.493, 3.123,  3.191 False
313.213, 129.493, 3.155,  3.224 False
313.107, 129.493, 3.188,  3.257 False
313.000, 129.493, 3.222,  3.290 False
312.892, 129.493, 3.254,  3.323 False
312.782, 129.493, 3.287,  3.356 False
312.672, 129.494, 3.321,  3.389 False
312.560, 129.494, 3.354,  3.422 False
312.448, 129.494, 3.387,  3.455 False
312.334, 129.494, 3.420,  3.488 False
312.219, 129.494, 3.453,  3.521 False
312.103, 129.494, 3.486,  3.554 False
311.986, 129.494, 3.519,  3.587 False
311.868, 129.494, 3.552,  3.620 False
311.749, 129.494, 3.585,  3.653 False
311.629, 129.494, 3.618,  3.686 False
311.507, 129.494, 3.651,  3.719 False
311.385, 129.494, 3.684,  3.752 False
311.261, 129.494, 3.717,  3.785 False
311.136, 129.494, 3.750,  3.818 False
311.010, 129.494, 3.783,  3.851 False
310.883, 129.494, 3.816,  3.884 False
310.755, 129.494, 3.849,  3.917 False
310.626, 129.495, 3.882,  3.950 False
310.496, 129.495, 3.913,  3.983 False
310.365, 129.495, 3.945,  4.016 False
310.233, 129.495, 3.976,  4.049 False
310.099, 129.495, 4.007,  4.082 False
309.965, 129.495, 4.038,  4.115 False
309.830, 129.495, 4.069,  4.148 False
309.693, 129.495, 4.101,  4.181 False
309.556, 129.495, 4.132,  4.214 False
309.417, 129.495, 4.163,  4.247 False
309.278, 129.495, 4.194,  4.280 False
309.137, 129.495, 4.226,  4.313 False
308.995, 129.495, 4.257,  4.346 False
308.853, 129.495, 4.289,  4.379 False
308.709, 129.495, 4.320,  4.412 False
308.564, 129.495, 4.352,  4.445 False
308.418, 129.495, 4.383,  4.478 False
308.271, 129.496, 4.415,  4.511 False
308.123, 129.496, 4.446,  4.544 False
307.975, 129.496, 4.477,  4.577 False
307.824, 129.496, 4.508,  4.610 False
307.673, 129.496, 4.539,  4.643 False
307.521, 129.496, 4.569,  4.676 False
307.368, 129.496, 4.600,  4.709 False
307.214, 129.496, 4.632,  4.742 False
307.059, 129.496, 4.662,  4.775 False
306.903, 129.496, 4.693,  4.808 False
306.746, 129.496, 4.723,  4.841 False
306.588, 129.499, 4.749,  4.874 False
306.429, 129.504, 4.778,  4.907 False
306.269, 129.510, 4.811,  4.940 False
306.107, 129.516, 4.843,  4.973 False
305.945, 129.523, 4.874,  5.006 False
305.782, 129.530, 4.906,  5.039 False
305.618, 129.539, 4.936,  5.072 False
305.453, 129.548, 4.968,  5.105 False
305.287, 129.558, 4.998,  5.138 False
305.120, 129.568, 5.030,  5.171 False
304.952, 129.580, 5.061,  5.204 False
304.782, 129.592, 5.092,  5.237 False
304.612, 129.605, 5.122,  5.270 False
304.441, 129.618, 5.152,  5.303 False
304.270, 129.632, 5.174,  5.336 False
304.098, 129.647, 5.186,  5.369 False
303.926, 129.662, 5.187,  5.402 False
303.754, 129.679, 5.184,  5.435 False
303.582, 129.694, 5.190,  5.468 False
303.409, 129.710, 5.204,  5.501 False
303.236, 129.726, 5.225,  5.534 False
303.062, 129.743, 5.254,  5.567 False
302.887, 129.761, 5.287,  5.600 False
302.710, 129.778, 5.324,  5.633 False
302.533, 129.796, 5.365,  5.666 False
302.353, 129.813, 5.406,  5.699 False
302.173, 129.832, 5.448,  5.732 False
301.991, 129.850, 5.489,  5.765 False
301.808, 129.870, 5.531,  5.798 False
301.623, 129.888, 5.572,  5.831 False
301.438, 129.908, 5.612,  5.864 False
301.251, 129.928, 5.651,  5.897 False
301.062, 129.950, 5.689,  5.930 False
300.873, 129.972, 5.726,  5.963 False
300.683, 129.996, 5.764,  5.996 False
300.491, 130.020, 5.800,  6.029 False
300.298, 130.043, 5.838,  6.062 False
300.104, 130.066, 5.873,  6.095 False
299.909, 130.090, 5.908,  6.128 False
299.713, 130.114, 5.942,  6.161 False
299.515, 130.137, 5.977,  6.194 False
299.316, 130.161, 6.010,  6.227 False
299.117, 130.185, 6.044,  6.260 False
298.916, 130.209, 6.077,  6.293 False
298.714, 130.233, 6.111,  6.326 False
298.511, 130.259, 6.144,  6.359 False
298.307, 130.284, 6.177,  6.392 False
298.102, 130.309, 6.210,  6.425 False
297.896, 130.335, 6.243,  6.458 False
297.688, 130.361, 6.274,  6.491 False
297.480, 130.386, 6.307,  6.524 False
297.271, 130.412, 6.339,  6.557 False
297.060, 130.438, 6.371,  6.590 False
296.849, 130.464, 6.402,  6.623 False
296.636, 130.491, 6.434,  6.656 False
296.422, 130.517, 6.466,  6.689 False
296.208, 130.544, 6.498,  6.722 False
295.992, 130.571, 6.529,  6.755 False
295.775, 130.598, 6.560,  6.788 False
295.558, 130.625, 6.591,  6.821 False
295.339, 130.652, 6.622,  6.854 False
295.119, 130.680, 6.653,  6.887 False
294.898, 130.708, 6.684,  6.920 False
294.676, 130.736, 6.715,  6.953 False
294.454, 130.764, 6.746,  6.986 False
294.230, 130.792, 6.775,  7.019 False
294.005, 130.820, 6.806,  7.052 False
293.779, 130.848, 6.836,  7.085 False
293.552, 130.877, 6.867,  7.118 False
293.324, 130.905, 6.896,  7.151 False
293.095, 130.934, 6.926,  7.184 False
292.866, 130.962, 6.955,  7.217 False
292.635, 130.991, 6.985,  7.250 False
292.403, 131.020, 7.014,  7.283 False
292.170, 131.049, 7.044,  7.316 False
291.937, 131.078, 7.072,  7.349 False
291.702, 131.107, 7.102,  7.382 False
291.466, 131.136, 7.130,  7.415 False
291.230, 131.165, 7.160,  7.448 False
290.992, 131.195, 7.189,  7.481 False
290.754, 131.223, 7.218,  7.514 False
290.514, 131.252, 7.247,  7.547 False
290.273, 131.281, 7.277,  7.580 False
290.032, 131.310, 7.306,  7.613 False
289.789, 131.340, 7.336,  7.646 False
289.546, 131.369, 7.365,  7.679 False
289.301, 131.398, 7.395,  7.712 False
289.056, 131.427, 7.424,  7.745 False
288.809, 131.457, 7.453,  7.778 False
288.562, 131.486, 7.482,  7.811 False
288.314, 131.515, 7.511,  7.844 False
288.064, 131.544, 7.539,  7.877 False
287.814, 131.572, 7.568,  7.910 False
287.562, 131.599, 7.596,  7.943 False
287.310, 131.625, 7.625,  7.976 False
287.056, 131.651, 7.653,  8.009 False
286.801, 131.676, 7.683,  8.042 False
286.546, 131.700, 7.712,  8.075 False
286.289, 131.723, 7.739,  8.108 False
286.031, 131.744, 7.765,  8.141 False
285.772, 131.763, 7.795,  8.174 False
285.513, 131.781, 7.822,  8.207 False
285.252, 131.798, 7.853,  8.240 False
284.990, 131.814, 7.881,  8.273 False
284.727, 131.829, 7.913,  8.306 False
284.463, 131.844, 7.942,  8.339 False
284.197, 131.858, 7.972,  8.372 False
283.931, 131.872, 8.000,  8.405 False
283.664, 131.884, 8.029,  8.438 False
283.396, 131.895, 8.058,  8.471 False
283.127, 131.905, 8.087,  8.504 False
282.857, 131.913, 8.115,  8.537 False
282.586, 131.921, 8.145,  8.570 False
282.314, 131.927, 8.173,  8.603 False
282.041, 131.932, 8.203,  8.636 False
281.767, 131.936, 8.228,  8.669 False
281.492, 131.939, 8.250,  8.702 False
281.217, 131.942, 8.267,  8.735 False
280.941, 131.945, 8.281,  8.768 False
280.665, 131.948, 8.292,  8.801 False
280.388, 131.949, 8.301,  8.834 False
280.111, 131.950, 8.308,  8.867 False
279.835, 131.950, 8.314,  8.900 False
279.557, 131.950, 8.319,  8.933 False
279.280, 131.948, 8.323,  8.966 False
279.003, 131.946, 8.327,  8.999 False
278.725, 131.943, 8.331,  9.032 False
278.448, 131.939, 8.334,  9.065 False
278.170, 131.935, 8.336,  9.098 False
277.892, 131.930, 8.338,  9.131 False
277.614, 131.924, 8.341,  9.164 False
277.336, 131.919, 8.342,  9.197 False
277.058, 131.913, 8.344,  9.230 False
276.780, 131.906, 8.345,  9.263 False
276.502, 131.899, 8.346,  9.296 False
276.224, 131.891, 8.347,  9.329 False
275.946, 131.882, 8.347,  9.362 False
275.668, 131.872, 8.347,  9.395 False
275.390, 131.861, 8.348,  9.428 False
275.112, 131.851, 8.349,  9.461 False
274.834, 131.839, 8.350,  9.494 False
274.556, 131.827, 8.350,  9.527 False
274.278, 131.816, 8.351,  9.560 False
274.000, 131.804, 8.351,  9.593 False
273.722, 131.792, 8.351,  9.626 False
273.444, 131.779, 8.351,  9.659 False
273.166, 131.765, 8.351,  9.692 False
272.888, 131.749, 8.350,  9.725 False
272.610, 131.734, 8.351,  9.758 False
272.332, 131.717, 8.351,  9.791 False
272.055, 131.701, 8.351,  9.824 False
271.777, 131.685, 8.351,  9.857 False
271.499, 131.668, 8.351,  9.890 False
271.221, 131.652, 8.351,  9.923 False
270.943, 131.635, 8.351,  9.956 False
270.665, 131.618, 8.351,  9.989 False
270.388, 131.601, 8.350, 10.022 False
270.110, 131.583, 8.350, 10.055 False
269.832, 131.565, 8.350, 10.088 False
269.554, 131.546, 8.349, 10.121 False
269.277, 131.527, 8.349, 10.154 False
268.999, 131.507, 8.349, 10.187 False
268.722, 131.488, 8.349, 10.220 False
268.444, 131.468, 8.349, 10.253 False
268.166, 131.449, 8.348, 10.286 False
267.889, 131.429, 8.348, 10.319 False
267.611, 131.410, 8.348, 10.352 False
267.334, 131.390, 8.348, 10.385 False
267.056, 131.370, 8.347, 10.418 False
266.779, 131.349, 8.347, 10.451 False
266.501, 131.328, 8.347, 10.484 False
266.224, 131.307, 8.346, 10.517 False
265.947, 131.286, 8.346, 10.550 False
265.669, 131.266, 8.346, 10.583 False
265.392, 131.244, 8.346, 10.616 False
265.114, 131.223, 8.345, 10.649 False
264.837, 131.202, 8.345, 10.682 False
264.560, 131.180, 8.345, 10.715 False
264.282, 131.159, 8.345, 10.748 False
264.005, 131.137, 8.344, 10.781 False
263.728, 131.116, 8.344, 10.814 False
263.450, 131.094, 8.344, 10.847 False
263.173, 131.072, 8.344, 10.880 False
262.896, 131.050, 8.343, 10.913 False
262.619, 131.028, 8.343, 10.946 False
262.341, 131.006, 8.343, 10.979 False
262.064, 130.984, 8.343, 11.012 False
261.787, 130.962, 8.343, 11.045 False
261.510, 130.940, 8.342, 11.078 False
261.233, 130.918, 8.342, 11.111 False
260.955, 130.896, 8.342, 11.144 False
260.678, 130.874, 8.342, 11.177 False
260.401, 130.852, 8.341, 11.210 False
260.124, 130.830, 8.341, 11.243 False
259.847, 130.808, 8.341, 11.276 False
259.570, 130.786, 8.341, 11.309 False
259.293, 130.763, 8.341, 11.342 False
259.015, 130.741, 8.341, 11.375 False
258.738, 130.719, 8.340, 11.408 False
258.461, 130.697, 8.340, 11.441 False
258.184, 130.675, 8.340, 11.474 False
257.907, 130.653, 8.340, 11.507 False
257.630, 130.631, 8.340, 11.540 False
257.353, 130.608, 8.339, 11.573 False
257.076, 130.586, 8.339, 11.606 False
256.798, 130.564, 8.339, 11.639 False
256.521, 130.542, 8.339, 11.672 False
256.244, 130.520, 8.339, 11.705 False
255.967, 130.498, 8.339, 11.738 False
255.690, 130.477, 8.339, 11.771 False
255.413, 130.455, 8.338, 11.804 False
255.136, 130.433, 8.338, 11.837 False
254.859, 130.411, 8.338, 11.870 False
254.582, 130.389, 8.338, 11.903 False
254.305, 130.368, 8.338, 11.936 False
254.028, 130.346, 8.338, 11.969 False
253.751, 130.325, 8.338, 12.002 False
253.473, 130.303, 8.338, 12.035 False
253.196, 130.282, 8.337, 12.068 False
252.919, 130.261, 8.337, 12.101 False
252.642, 130.239, 8.337, 12.134 False
252.365, 130.218, 8.337, 12.167 False
252.088, 130.197, 8.337, 12.200 False
251.811, 130.176, 8.337, 12.233 False
251.534, 130.155, 8.337, 12.266 False
251.257, 130.134, 8.337, 12.299 False
250.979, 130.113, 8.337, 12.332 False
250.702, 130.093, 8.337, 12.365 False
250.425, 130.072, 8.336, 12.398 False
250.148, 130.052, 8.336, 12.431 False
249.871, 130.031, 8.336, 12.464 False
249.594, 130.011, 8.336, 12.497 False
249.317, 129.991, 8.336, 12.530 False
249.040, 129.971, 8.336, 12.563 False
248.762, 129.951, 8.336, 12.596 False
248.485, 129.931, 8.336, 12.629 False
248.208, 129.912, 8.336, 12.662 False
247.931, 129.893, 8.336, 12.695 False
247.654, 129.874, 8.336, 12.728 False
247.376, 129.855, 8.336, 12.761 False
247.099, 129.836, 8.336, 12.794 False
246.822, 129.817, 8.335, 12.827 False
246.545, 129.798, 8.335, 12.860 False
246.268, 129.780, 8.335, 12.893 False
245.990, 129.761, 8.335, 12.926 False
245.713, 129.743, 8.335, 12.959 False
245.436, 129.725, 8.335, 12.992 False
245.159, 129.707, 8.335, 13.025 False
244.881, 129.689, 8.335, 13.058 False
244.604, 129.671, 8.335, 13.091 False
244.327, 129.653, 8.335, 13.124 False
244.049, 129.636, 8.335, 13.157 False
243.772, 129.618, 8.335, 13.190 False
243.495, 129.601, 8.335, 13.223 False
243.218, 129.584, 8.335, 13.256 False
242.940, 129.567, 8.335, 13.289 False
242.663, 129.550, 8.335, 13.322 False
242.386, 129.534, 8.335, 13.355 False
242.108, 129.517, 8.335, 13.388 False
241.831, 129.501, 8.335, 13.421 False
241.554, 129.485, 8.335, 13.454 False
241.276, 129.469, 8.334, 13.487 False
240.999, 129.453, 8.334, 13.520 False
240.722, 129.437, 8.334, 13.553 False
240.444, 129.422, 8.334, 13.586 False
240.167, 129.406, 8.334, 13.619 False
239.889, 129.391, 8.334, 13.652 False
239.612, 129.376, 8.334, 13.685 False
239.335, 129.361, 8.334, 13.718 False
239.057, 129.346, 8.334, 13.751 False
238.780, 129.332, 8.334, 13.784 False
238.502, 129.318, 8.334, 13.817 False
238.225, 129.304, 8.334, 13.850 False
237.947, 129.290, 8.334, 13.883 False
237.670, 129.277, 8.334, 13.916 False
237.392, 129.263, 8.334, 13.949 False
237.115, 129.249, 8.334, 13.982 False
236.837, 129.236, 8.334, 14.015 False
236.560, 129.223, 8.334, 14.048 False
236.282, 129.210, 8.334, 14.081 False
236.005, 129.197, 8.334, 14.114 False
235.727, 129.185, 8.334, 14.147 False
235.450, 129.172, 8.334, 14.180 False
235.172, 129.161, 8.334, 14.213 False
234.895, 129.149, 8.334, 14.246 False
234.617, 129.137, 8.334, 14.279 False
234.340, 129.126, 8.334, 14.312 False
234.062, 129.114, 8.334, 14.345 False
233.785, 129.103, 8.334, 14.378 False
233.507, 129.092, 8.334, 14.411 False
233.229, 129.081, 8.334, 14.444 False
232.952, 129.070, 8.334, 14.477 False
232.674, 129.060, 8.334, 14.510 False
232.397, 129.050, 8.334, 14.543 False
232.119, 129.040, 8.334, 14.576 False
231.841, 129.030, 8.334, 14.609 False
231.564, 129.021, 8.334, 14.642 False
231.286, 129.011, 8.334, 14.675 False
231.009, 129.002, 8.334, 14.708 False
230.731, 128.993, 8.334, 14.741 False
230.453, 128.984, 8.334, 14.774 False
230.176, 128.975, 8.334, 14.807 False
229.898, 128.966, 8.334, 14.840 False
229.620, 128.958, 8.334, 14.873 False
229.343, 128.949, 8.334, 14.906 False
229.065, 128.941, 8.334, 14.939 False
228.787, 128.933, 8.333, 14.972 False
228.510, 128.926, 8.333, 15.005 False
228.232, 128.918, 8.333, 15.038 False
227.954, 128.910, 8.333, 15.071 False
227.677, 128.903, 8.333, 15.104 False
227.399, 128.896, 8.333, 15.137 False
227.121, 128.889, 8.333, 15.170 False
226.843, 128.882, 8.333, 15.203 False
226.566, 128.876, 8.333, 15.236 False
226.288, 128.870, 8.333, 15.269 False
226.010, 128.863, 8.333, 15.302 False
225.733, 128.857, 8.333, 15.335 False
225.455, 128.852, 8.333, 15.368 False
225.177, 128.847, 8.333, 15.401 False
224.899, 128.841, 8.333, 15.434 False
224.622, 128.836, 8.333, 15.467 False
224.344, 128.832, 8.333, 15.500 False
224.066, 128.827, 8.333, 15.533 False
223.788, 128.822, 8.333, 15.566 False
223.511, 128.818, 8.333, 15.599 False
223.233, 128.814, 8.333, 15.632 False
222.955, 128.810, 8.333, 15.665 False
222.678, 128.806, 8.333, 15.698 False
222.400, 128.802, 8.333, 15.731 False
222.122, 128.798, 8.333, 15.764 False
221.844, 128.795, 8.333, 15.797 False
221.566, 128.791, 8.333, 15.830 False
221.289, 128.788, 8.333, 15.863 False
221.011, 128.785, 8.333, 15.896 False
220.733, 128.782, 8.333, 15.929 False
220.455, 128.779, 8.333, 15.962 False
220.178, 128.777, 8.333, 15.995 False
219.900, 128.774, 8.333, 16.028 False
219.622, 128.772, 8.333, 16.061 False
219.344, 128.771, 8.333, 16.094 False
219.067, 128.770, 8.333, 16.127 False
218.789, 128.768, 8.333, 16.160 False
218.511, 128.767, 8.333, 16.193 False
218.233, 128.766, 8.333, 16.226 False
217.955, 128.765, 8.333, 16.259 False
217.678, 128.764, 8.333, 16.292 False
217.400, 128.763, 8.333, 16.325 False
217.122, 128.762, 8.333, 16.358 False
216.844, 128.762, 8.333, 16.391 False
216.567, 128.761, 8.333, 16.424 False
216.289, 128.761, 8.333, 16.457 False
216.011, 128.761, 8.333, 16.490 False
215.733, 128.761, 8.333, 16.523 False
215.455, 128.761, 8.333, 16.556 False
215.178, 128.761, 8.333, 16.589 False
214.900, 128.761, 8.333, 16.622 False
214.622, 128.762, 8.333, 16.655 False
214.344, 128.762, 8.333, 16.688 False
214.067, 128.763, 8.333, 16.721 False
213.789, 128.764, 8.333, 16.754 False
213.511, 128.764, 8.333, 16.787 False
213.233, 128.765, 8.333, 16.820 False
212.955, 128.766, 8.333, 16.853 False
212.678, 128.768, 8.333, 16.886 False
212.400, 128.769, 8.333, 16.919 False
212.122, 128.770, 8.333, 16.952 False
211.844, 128.772, 8.333, 16.985 False
211.567, 128.773, 8.333, 17.018 False
211.289, 128.775, 8.333, 17.051 False
211.011, 128.777, 8.333, 17.084 False
210.733, 128.778, 8.333, 17.117 False
210.456, 128.780, 8.333, 17.150 False
210.178, 128.782, 8.333, 17.183 False
209.900, 128.785, 8.333, 17.216 False
209.622, 128.787, 8.333, 17.249 False
209.344, 128.789, 8.333, 17.282 False
209.067, 128.792, 8.333, 17.315 False
208.789, 128.794, 8.333, 17.348 False
208.511, 128.797, 8.333, 17.381 False
208.233, 128.799, 8.333, 17.414 False
207.956, 128.802, 8.333, 17.447 False
207.678, 128.805, 8.333, 17.480 False
207.400, 128.808, 8.333, 17.513 False
207.122, 128.811, 8.333, 17.546 False
206.844, 128.814, 8.333, 17.579 False
206.567, 128.817, 8.333, 17.612 False
206.289, 128.820, 8.333, 17.645 False
206.011, 128.824, 8.333, 17.678 False
205.734, 128.827, 8.333, 17.711 False
205.456, 128.831, 8.333, 17.744 False
205.178, 128.834, 8.333, 17.777 False
204.900, 128.838, 8.333, 17.810 False
204.623, 128.842, 8.333, 17.843 False
204.345, 128.846, 8.333, 17.876 False
204.067, 128.849, 8.333, 17.909 False
203.789, 128.853, 8.333, 17.942 False
203.512, 128.857, 8.333, 17.975 False
203.234, 128.862, 8.333, 18.008 False
202.956, 128.866, 8.333, 18.041 False
202.678, 128.870, 8.333, 18.074 False
202.401, 128.874, 8.333, 18.107 False
202.123, 128.878, 8.333, 18.140 False
201.845, 128.883, 8.333, 18.173 False
201.567, 128.887, 8.333, 18.206 False
201.290, 128.892, 8.333, 18.239 False
201.012, 128.896, 8.333, 18.272 False
200.734, 128.901, 8.333, 18.305 False
200.457, 128.906, 8.333, 18.338 False
200.179, 128.911, 8.333, 18.371 False
199.901, 128.916, 8.333, 18.404 False
199.623, 128.921, 8.333, 18.437 False
199.346, 128.926, 8.333, 18.470 False
199.068, 128.932, 8.333, 18.503 False
198.790, 128.937, 8.333, 18.536 False
198.512, 128.942, 8.333, 18.569 False
198.235, 128.947, 8.333, 18.602 False
197.957, 128.952, 8.333, 18.635 False
197.679, 128.958, 8.333, 18.668 False
197.401, 128.963, 8.333, 18.701 False
197.124, 128.969, 8.333, 18.734 False
196.846, 128.974, 8.333, 18.767 False
196.568, 128.980, 8.333, 18.800 False
196.291, 128.985, 8.333, 18.833 False
196.013, 128.991, 8.333, 18.866 False
195.735, 128.996, 8.333, 18.899 False
195.458, 129.002, 8.333, 18.932 False
195.180, 129.008, 8.333, 18.965 False
194.902, 129.013, 8.333, 18.998 False
194.624, 129.019, 8.333, 19.031 False
194.347, 129.025, 8.333, 19.064 False
194.069, 129.031, 8.333, 19.097 False
193.791, 129.038, 8.333, 19.130 False
193.514, 129.044, 8.333, 19.163 False
193.236, 129.050, 8.333, 19.196 False
192.958, 129.056, 8.333, 19.229 False
192.681, 129.062, 8.333, 19.262 False
192.403, 129.068, 8.333, 19.295 False
192.125, 129.074, 8.333, 19.328 False
191.848, 129.080, 8.333, 19.361 False
191.570, 129.086, 8.333, 19.394 False
191.292, 129.092, 8.333, 19.427 False
191.014, 129.099, 8.333, 19.460 False
190.737, 129.105, 8.333, 19.493 False
190.459, 129.111, 8.333, 19.526 False
190.181, 129.117, 8.333, 19.559 False
189.904, 129.123, 8.333, 19.592 False
189.626, 129.130, 8.333, 19.625 False
189.348, 129.136, 8.333, 19.658 False
189.071, 129.142, 8.333, 19.691 False
188.793, 129.148, 8.333, 19.724 False
188.515, 129.154, 8.333, 19.757 False
188.237, 129.161, 8.333, 19.790 False
187.960, 129.167, 8.333, 19.823 False
187.682, 129.173, 8.333, 19.856 False
187.404, 129.179, 8.333, 19.889 False
187.127, 129.185, 8.333, 19.922 False
186.849, 129.192, 8.333, 19.955 False
186.571, 129.198, 8.333, 19.988 False
186.294, 129.204, 8.333, 20.021 False
186.016, 129.210, 8.333, 20.054 False
185.738, 129.216, 8.333, 20.087 False
185.461, 129.222, 8.333, 20.120 False
185.183, 129.228, 8.333, 20.153 False
184.905, 129.234, 8.333, 20.186 False
184.627, 129.241, 8.333, 20.219 False
184.350, 129.247, 8.333, 20.252 False
184.072, 129.253, 8.333, 20.285 False
183.794, 129.259, 8.333, 20.318 False
183.517, 129.265, 8.333, 20.351 False
183.239, 129.271, 8.333, 20.384 False
182.961, 129.277, 8.333, 20.417 False
182.684, 129.283, 8.333, 20.450 False
182.406, 129.288, 8.333, 20.483 False
182.128, 129.294, 8.333, 20.516 False
181.850, 129.300, 8.333, 20.549 False
181.573, 129.306, 8.333, 20.582 False
181.295, 129.312, 8.333, 20.615 False
181.017, 129.318, 8.333, 20.648 False
180.740, 129.324, 8.333, 20.681 False
180.462, 129.329, 8.333, 20.714 False
180.184, 129.335, 8.333, 20.747 False
179.907, 129.341, 8.333, 20.780 False
179.629, 129.346, 8.333, 20.813 False
179.351, 129.352, 8.333, 20.846 False
179.074, 129.358, 8.333, 20.879 False
178.796, 129.363, 8.333, 20.912 False
178.518, 129.369, 8.333, 20.945 False
178.240, 129.374, 8.333, 20.978 False
177.963, 129.380, 8.333, 21.011 False
177.685, 129.385, 8.333, 21.044 False
177.407, 129.391, 8.333, 21.077 False
177.130, 129.396, 8.333, 21.110 False
176.852, 129.401, 8.333, 21.143 False
176.574, 129.407, 8.333, 21.176 False
176.296, 129.412, 8.333, 21.209 False
176.019, 129.417, 8.333, 21.242 False
175.741, 129.422, 8.333, 21.275 False
175.463, 129.427, 8.333, 21.308 False
175.186, 129.431, 8.333, 21.341 False
174.908, 129.436, 8.330, 21.374 False
174.631, 129.441, 8.305, 21.407 False
174.356, 129.446, 8.246, 21.440 False
174.084, 129.450, 8.157, 21.473 False
173.815, 129.455, 8.043, 21.506 False
173.552, 129.459, 7.910, 21.539 False
173.293, 129.463, 7.763, 21.572 False
173.039, 129.467, 7.605, 21.605 False
172.791, 129.471, 7.438, 21.638 False
172.548, 129.475, 7.268, 21.671 False
172.311, 129.479, 7.093, 21.704 False
172.080, 129.482, 6.921, 21.737 False
171.854, 129.486, 6.755, 21.770 False
171.633, 129.489, 6.600, 21.803 False
171.418, 129.492, 6.451, 21.836 False
171.206, 129.495, 6.315, 21.869 False
170.999, 129.498, 6.188, 21.902 False
170.796, 129.501, 6.076, 21.935 False
170.596, 129.503, 5.977, 21.968 False
170.398, 129.505, 5.894, 22.001 False
170.203, 129.508, 5.824, 22.034 False
170.010, 129.510, 5.771, 22.067 False
169.818, 129.512, 5.733, 22.100 False
169.627, 129.515, 5.706, 22.133 False
169.436, 129.517, 5.686, 22.166 False
169.246, 129.519, 5.667, 22.199 False
169.057, 129.521, 5.655, 22.232 False
168.868, 129.523, 5.647, 22.265 False
168.679, 129.526, 5.647, 22.298 False
168.490, 129.528, 5.648, 22.331 False
168.301, 129.530, 5.651, 22.364 False
168.112, 129.532, 5.652, 22.397 False
167.924, 129.534, 5.652, 22.430 False
167.735, 129.536, 5.649, 22.463 False
167.546, 129.538, 5.643, 22.496 False
167.358, 129.539, 5.635, 22.529 False
167.170, 129.541, 5.624, 22.562 False
166.983, 129.543, 5.612, 22.595 False
166.796, 129.545, 5.597, 22.628 False
166.610, 129.547, 5.581, 22.661 False
166.424, 129.549, 5.562, 22.694 False
166.240, 129.551, 5.542, 22.727 False
166.055, 129.552, 5.520, 22.760 False
165.872, 129.554, 5.497, 22.793 False
165.689, 129.556, 5.471, 22.826 False
165.508, 129.557, 5.444, 22.859 False
165.327, 129.559, 5.416, 22.892 False
165.147, 129.560, 5.389, 22.925 False
164.968, 129.562, 5.363, 22.958 False
164.790, 129.563, 5.341, 22.991 False
164.612, 129.565, 5.324, 23.024 False
164.435, 129.566, 5.314, 23.057 False
164.258, 129.567, 5.313, 23.090 False
164.080, 129.568, 5.321, 23.123 False
163.902, 129.569, 5.340, 23.156 False
163.723, 129.570, 5.366, 23.189 False
163.543, 129.572, 5.400, 23.222 False
163.362, 129.573, 5.438, 23.255 False
163.179, 129.574, 5.477, 23.288 False
162.995, 129.575, 5.514, 23.321 False
162.810, 129.576, 5.549, 23.354 False
162.624, 129.577, 5.578, 23.387 False
162.438, 129.579, 5.602, 23.420 False
162.250, 129.580, 5.620, 23.453 False
162.062, 129.581, 5.634, 23.486 False
161.874, 129.582, 5.642, 23.519 False
161.686, 129.583, 5.646, 23.552 False
161.498, 129.584, 5.645, 23.585 False
161.310, 129.585, 5.641, 23.618 False
161.122, 129.585, 5.635, 23.651 False
160.935, 129.586, 5.625, 23.684 False
160.748, 129.587, 5.613, 23.717 False
160.561, 129.588, 5.599, 23.750 False
160.375, 129.589, 5.583, 23.783 False
160.190, 129.590, 5.565, 23.816 False
160.005, 129.591, 5.546, 23.849 False
159.821, 129.592, 5.524, 23.882 False
159.637, 129.592, 5.502, 23.915 False
159.455, 129.593, 5.477, 23.948 False
159.273, 129.593, 5.453, 23.981 False
159.092, 129.593, 5.432, 24.014 False
158.911, 129.593, 5.416, 24.047 False
158.731, 129.594, 5.408, 24.080 False
158.550, 129.594, 5.407, 24.113 False
158.370, 129.594, 5.417, 24.146 False
158.188, 129.595, 5.436, 24.179 False
158.006, 129.595, 5.464, 24.212 False
157.823, 129.595, 5.498, 24.245 False
157.638, 129.595, 5.537, 24.278 False
157.452, 129.596, 5.576, 24.311 False
157.265, 129.596, 5.612, 24.344 False
157.077, 129.596, 5.644, 24.377 False
156.888, 129.597, 5.670, 24.410 False
156.698, 129.597, 5.692, 24.443 False
156.508, 129.597, 5.708, 24.476 False
156.318, 129.597, 5.719, 24.509 False
156.127, 129.598, 5.726, 24.542 False
155.936, 129.598, 5.729, 24.575 False
155.745, 129.598, 5.727, 24.608 False
155.554, 129.598, 5.722, 24.641 False
155.364, 129.598, 5.712, 24.674 False
155.174, 129.598, 5.700, 24.707 False
154.985, 129.598, 5.685, 24.740 False
154.796, 129.598, 5.669, 24.773 False
154.607, 129.598, 5.651, 24.806 False
154.420, 129.598, 5.631, 24.839 False
154.233, 129.598, 5.608, 24.872 False
154.046, 129.598, 5.586, 24.905 False
153.861, 129.598, 5.563, 24.938 False
153.676, 129.598, 5.542, 24.971 False
153.492, 129.598, 5.523, 25.004 False
153.308, 129.598, 5.508, 25.037 False
153.125, 129.598, 5.500, 25.070 False
152.941, 129.597, 5.498, 25.103 False
152.758, 129.597, 5.508, 25.136 False
152.574, 129.596, 5.525, 25.169 False
152.388, 129.596, 5.555, 25.202 False
152.202, 129.596, 5.589, 25.235 False
152.014, 129.595, 5.627, 25.268 False
151.825, 129.595, 5.665, 25.301 False
151.635, 129.595, 5.700, 25.334 False
151.444, 129.594, 5.730, 25.367 False
151.252, 129.594, 5.755, 25.400 False
151.060, 129.593, 5.775, 25.433 False
150.867, 129.593, 5.789, 25.466 False
150.674, 129.593, 5.798, 25.499 False
150.480, 129.592, 5.803, 25.532 False
150.287, 129.592, 5.804, 25.565 False
150.094, 129.591, 5.800, 25.598 False
149.901, 129.591, 5.794, 25.631 False
149.708, 129.591, 5.784, 25.664 False
149.516, 129.590, 5.771, 25.697 False
149.324, 129.590, 5.753, 25.730 False
149.133, 129.589, 5.735, 25.763 False
148.942, 129.589, 5.714, 25.796 False
148.752, 129.588, 5.693, 25.829 False
148.563, 129.588, 5.669, 25.862 False
148.375, 129.587, 5.645, 25.895 False
148.188, 129.586, 5.619, 25.928 False
148.001, 129.586, 5.593, 25.961 False
147.816, 129.585, 5.568, 25.994 False
147.631, 129.585, 5.546, 26.027 False
147.446, 129.584, 5.530, 26.060 False
147.262, 129.584, 5.519, 26.093 False
147.078, 129.583, 5.517, 26.126 False
146.894, 129.582, 5.524, 26.159 False
146.709, 129.582, 5.542, 26.192 False
146.523, 129.581, 5.567, 26.225 False
146.337, 129.581, 5.602, 26.258 False
146.148, 129.580, 5.640, 26.291 False
145.959, 129.579, 5.679, 26.324 False
145.769, 129.579, 5.715, 26.357 False
145.577, 129.578, 5.745, 26.390 False
145.385, 129.577, 5.769, 26.423 False
145.192, 129.577, 5.787, 26.456 False
144.998, 129.576, 5.799, 26.489 False
144.805, 129.575, 5.807, 26.522 False
144.611, 129.575, 5.811, 26.555 False
144.418, 129.574, 5.811, 26.588 False
144.224, 129.573, 5.807, 26.621 False
144.031, 129.573, 5.799, 26.654 False
143.838, 129.572, 5.789, 26.687 False
143.645, 129.571, 5.776, 26.720 False
143.453, 129.570, 5.760, 26.753 False
143.262, 129.570, 5.739, 26.786 False
143.071, 129.569, 5.718, 26.819 False
142.882, 129.568, 5.693, 26.852 False
142.693, 129.567, 5.668, 26.885 False
142.504, 129.567, 5.643, 26.918 False
142.317, 129.566, 5.618, 26.951 False
142.131, 129.565, 5.594, 26.984 False
141.945, 129.564, 5.574, 27.017 False
141.759, 129.564, 5.558, 27.050 False
141.574, 129.563, 5.548, 27.083 False
141.389, 129.562, 5.546, 27.116 False
141.204, 129.561, 5.552, 27.149 False
141.018, 129.561, 5.569, 27.182 False
140.832, 129.560, 5.594, 27.215 False
140.644, 129.559, 5.626, 27.248 False
140.455, 129.558, 5.663, 27.281 False
140.265, 129.558, 5.703, 27.314 False
140.074, 129.557, 5.740, 27.347 False
139.881, 129.556, 5.773, 27.380 False
139.688, 129.555, 5.800, 27.413 False
139.494, 129.554, 5.819, 27.446 False
139.300, 129.554, 5.833, 27.479 False
139.105, 129.553, 5.841, 27.512 False
138.910, 129.552, 5.845, 27.545 False
138.715, 129.551, 5.844, 27.578 False
138.521, 129.550, 5.840, 27.611 False
138.327, 129.550, 5.831, 27.644 False
138.133, 129.549, 5.821, 27.677 False
137.939, 129.548, 5.807, 27.710 False
137.746, 129.547, 5.791, 27.743 False
137.554, 129.546, 5.772, 27.776 False
137.362, 129.546, 5.751, 27.809 False
137.171, 129.545, 5.726, 27.842 False
136.981, 129.544, 5.700, 27.875 False
136.792, 129.543, 5.671, 27.908 False
136.604, 129.542, 5.643, 27.941 False
136.416, 129.542, 5.615, 27.974 False
136.230, 129.541, 5.590, 28.007 False
136.044, 129.540, 5.567, 28.040 False
135.859, 129.539, 5.550, 28.073 False
135.674, 129.539, 5.540, 28.106 False
135.490, 129.538, 5.537, 28.139 False
135.305, 129.537, 5.543, 28.172 False
135.119, 129.536, 5.558, 28.205 False
134.933, 129.536, 5.583, 28.238 False
134.746, 129.535, 5.613, 28.271 False
134.558, 129.534, 5.648, 28.304 False
134.368, 129.533, 5.682, 28.337 False
134.178, 129.532, 5.710, 28.370 False
133.987, 129.532, 5.724, 28.403 False
133.796, 129.531, 5.714, 28.436 False
133.607, 129.530, 5.680, 28.469 False
133.419, 129.529, 5.625, 28.502 False
133.234, 129.529, 5.552, 28.535 False
133.052, 129.528, 5.463, 28.568 False
132.873, 129.527, 5.360, 28.601 False
132.698, 129.526, 5.245, 28.634 False
132.527, 129.526, 5.118, 28.667 False
132.360, 129.525, 4.983, 28.700 False
132.199, 129.524, 4.832, 28.733 False
132.042, 129.524, 4.674, 28.766 False
131.891, 129.523, 4.516, 28.799 False
131.746, 129.523, 4.357, 28.832 False
131.605, 129.522, 4.200, 28.865 False
131.469, 129.521, 4.047, 28.898 False
131.339, 129.521, 3.895, 28.931 False
131.213, 129.520, 3.750, 28.964 False
131.092, 129.520, 3.617, 28.997 False
130.975, 129.519, 3.486, 29.030 False
130.862, 129.519, 3.368, 29.063 False
130.753, 129.518, 3.247, 29.096 False
130.647, 129.518, 3.141, 29.129 False
130.545, 129.517, 3.030, 29.162 False
130.446, 129.517, 2.935, 29.195 False
130.350, 129.516, 2.846, 29.228 False
130.258, 129.516, 2.756, 29.261 False
130.168, 129.516, 2.666, 29.294 False
130.081, 129.515, 2.577, 29.327 False
129.997, 129.515, 2.489, 29.360 False
129.916, 129.515, 2.403, 29.393 False
129.838, 129.514, 2.319, 29.426 False
129.762, 129.514, 2.237, 29.459 False
129.689, 129.514, 2.158, 29.492 False
129.619, 129.513, 2.081, 29.525 False
129.552, 129.513, 2.006, 29.558 False
129.486, 129.513, 1.933, 29.591 False
129.423, 129.513, 1.864, 29.624 False
129.363, 129.512, 1.796, 29.657 False
129.304, 129.512, 1.731, 29.690 False
129.248, 129.512, 1.668, 29.723 False
129.194, 129.512, 1.607, 29.756 False
129.142, 129.511, 1.548, 29.789 False
129.091, 129.511, 1.492, 29.822 False
129.043, 129.511, 1.437, 29.855 False
128.996, 129.511, 1.385, 29.888 False
128.951, 129.511, 1.334, 29.921 False
128.907, 129.510, 1.285, 29.954 False
128.866, 129.510, 1.238, 29.987 False
128.825, 129.510, 1.193, 30.020 False
128.786, 129.510, 1.149, 30.053 False
128.749, 129.510, 1.107, 30.086 False
128.714, 129.510, 1.034, 30.119 False
128.681, 129.509, 0.961, 30.152 False
128.651, 129.509, 0.895, 30.185 False
128.623, 129.509, 0.838, 30.218 False
128.596, 129.509, 0.791, 30.251 False
128.570, 129.509, 0.755, 30.284 False
128.546, 129.509, 0.734, 30.317 False
128.521, 129.509, 0.739, 30.350 False
128.493, 129.509, 0.840, 30.383 False
128.465, 129.509, 0.843, 30.416 False
128.435, 129.508, 0.871, 30.449 False
128.405, 129.508, 0.903, 30.482 False
128.373, 129.508, 0.954, 30.515 False
128.339, 129.508, 1.024, 30.548 False
128.301, 129.508, 1.112, 30.581 False
128.262, 129.508, 1.193, 30.614 False
128.219, 129.508, 1.299, 30.647 False
128.171, 129.507, 1.455, 30.680 False
128.117, 129.507, 1.629, 30.713 False
128.057, 129.507, 1.787, 30.746 False
127.993, 129.507, 1.930, 30.779 False
127.925, 129.507, 2.062, 30.812 False
127.852, 129.506, 2.195, 30.845 False
127.775, 129.507, 2.332, 30.878 False
127.693, 129.507, 2.477, 30.911 False
127.606, 129.507, 2.626, 30.944 False
127.514, 129.507, 2.778, 30.977 False
127.417, 129.506, 2.933, 31.010 False
127.315, 129.506, 3.090, 31.043 False
127.208, 129.506, 3.247, 31.076 False
127.095, 129.505, 3.405, 31.109 False
126.978, 129.505, 3.564, 31.142 False
126.855, 129.505, 3.722, 31.175 False
126.726, 129.505, 3.881, 31.208 False
126.593, 129.504, 4.039, 31.241 False
126.454, 129.504, 4.197, 31.274 False
126.310, 129.503, 4.353, 31.307 False
126.161, 129.503, 4.506, 31.340 False
126.007, 129.503, 4.656, 31.373 False
125.848, 129.502, 4.798, 31.406 False
125.685, 129.502, 4.930, 31.439 False
125.517, 129.501, 5.049, 31.472 False
125.347, 129.501, 5.157, 31.505 False
125.173, 129.501, 5.250, 31.538 False
124.996, 129.500, 5.330, 31.571 False
124.817, 129.500, 5.396, 31.604 False
124.637, 129.499, 5.452, 31.637 False
124.454, 129.499, 5.497, 31.670 False
124.271, 129.498, 5.533, 31.703 False
124.087, 129.498, 5.558, 31.736 False
123.901, 129.498, 5.575, 31.769 False
123.716, 129.497, 5.579, 31.802 False
123.531, 129.497, 5.573, 31.835 False
123.346, 129.496, 5.566, 31.868 False
123.161, 129.496, 5.563, 31.901 False
122.976, 129.495, 5.562, 31.934 False
122.791, 129.495, 5.564, 31.967 False
122.606, 129.495, 5.565, 32.000 False
122.421, 129.494, 5.567, 32.033 False
122.236, 129.494, 5.567, 32.066 False
122.051, 129.494, 5.566, 32.099 False
121.865, 129.493, 5.562, 32.132 False
121.680, 129.493, 5.558, 32.165 False
121.495, 129.492, 5.551, 32.198 False
121.311, 129.492, 5.544, 32.231 False
121.126, 129.492, 5.533, 32.264 False
120.942, 129.491, 5.522, 32.297 False
120.759, 129.491, 5.509, 32.330 False
120.576, 129.491, 5.494, 32.363 False
120.393, 129.490, 5.478, 32.396 False
120.211, 129.490, 5.461, 32.429 False
120.030, 129.490, 5.443, 32.462 False
119.849, 129.489, 5.424, 32.495 False
119.669, 129.489, 5.403, 32.528 False
119.489, 129.489, 5.382, 32.561 False
119.310, 129.488, 5.359, 32.594 False
119.132, 129.488, 5.337, 32.627 False
118.955, 129.488, 5.312, 32.660 False
118.779, 129.488, 5.288, 32.693 False
118.603, 129.487, 5.262, 32.726 False
118.429, 129.487, 5.237, 32.759 False
118.255, 129.487, 5.210, 32.792 False
118.082, 129.487, 5.184, 32.825 False
117.910, 129.486, 5.156, 32.858 False
117.739, 129.486, 5.129, 32.891 False
117.568, 129.486, 5.101, 32.924 False
117.399, 129.486, 5.074, 32.957 False
117.231, 129.485, 5.045, 32.990 False
117.063, 129.485, 5.018, 33.023 False
116.897, 129.485, 4.989, 33.056 False
116.730, 129.485, 4.992, 33.089 False
116.564, 129.485, 4.988, 33.122 False
116.398, 129.484, 4.972, 33.155 False
116.233, 129.484, 4.945, 33.188 False
116.069, 129.484, 4.915, 33.221 False
115.906, 129.484, 4.883, 33.254 False
115.744, 129.484, 4.852, 33.287 False
115.583, 129.484, 4.820, 33.320 False
115.423, 129.484, 4.789, 33.353 False
115.264, 129.483, 4.757, 33.386 False
115.107, 129.483, 4.727, 33.419 False
114.950, 129.483, 4.695, 33.452 False
114.794, 129.483, 4.665, 33.485 False
114.640, 129.483, 4.633, 33.518 False
114.486, 129.483, 4.604, 33.551 False
114.333, 129.483, 4.574, 33.584 False
114.181, 129.483, 4.544, 33.617 False
114.031, 129.483, 4.514, 33.650 False
113.881, 129.483, 4.485, 33.683 False
113.732, 129.484, 4.455, 33.716 False
113.585, 129.484, 4.426, 33.749 False
113.438, 129.485, 4.395, 33.782 False
113.292, 129.485, 4.366, 33.815 False
113.147, 129.485, 4.336, 33.848 False
113.003, 129.486, 4.307, 33.881 False
112.861, 129.486, 4.277, 33.914 False
112.719, 129.486, 4.248, 33.947 False
112.578, 129.486, 4.218, 33.980 False
112.438, 129.486, 4.189, 34.013 False
112.299, 129.487, 4.161, 34.046 False
112.161, 129.487, 4.133, 34.079 False
112.024, 129.487, 4.104, 34.112 False
111.888, 129.487, 4.076, 34.145 False
111.753, 129.487, 4.047, 34.178 False
111.619, 129.487, 4.019, 34.211 False
111.485, 129.487, 3.989, 34.244 False
111.353, 129.486, 3.961, 34.277 False
111.222, 129.486, 3.933, 34.310 False
111.091, 129.486, 3.905, 34.343 False
110.962, 129.486, 3.875, 34.376 False
110.833, 129.486, 3.846, 34.409 False
110.706, 129.486, 3.817, 34.442 False
110.579, 129.486, 3.789, 34.475 False
110.454, 129.486, 3.760, 34.508 False
110.329, 129.486, 3.732, 34.541 False
110.206, 129.486, 3.704, 34.574 False
110.083, 129.487, 3.676, 34.607 False
109.961, 129.487, 3.638, 34.640 False
109.842, 129.487, 3.580, 34.673 False
109.724, 129.487, 3.508, 34.706 False
109.610, 129.488, 3.425, 34.739 False
109.498, 129.488, 3.336, 34.772 False
109.390, 129.488, 3.242, 34.805 False
109.285, 129.489, 3.145, 34.838 False
109.183, 129.489, 3.047, 34.871 False
109.084, 129.489, 2.949, 34.904 False
108.988, 129.489, 2.852, 34.937 False
108.896, 129.489, 2.755, 34.970 False
108.807, 129.489, 2.661, 35.003 False
108.721, 129.489, 2.568, 35.036 False
108.638, 129.489, 2.478, 35.069 False
108.557, 129.489, 2.390, 35.102 False
108.480, 129.489, 2.304, 35.135 False
108.405, 129.489, 2.221, 35.168 False
108.333, 129.489, 2.141, 35.201 False
108.264, 129.489, 2.063, 35.234 False
108.197, 129.489, 1.988, 35.267 False
108.132, 129.489, 1.916, 35.300 False
108.070, 129.488, 1.845, 35.333 False
108.010, 129.488, 1.778, 35.366 False
107.953, 129.488, 1.713, 35.399 False
107.897, 129.488, 1.650, 35.432 False
107.843, 129.488, 1.590, 35.465 False
107.792, 129.488, 1.532, 35.498 False
107.742, 129.488, 1.475, 35.531 False
107.694, 129.488, 1.421, 35.564 False
107.648, 129.488, 1.369, 35.597 False
107.603, 129.488, 1.319, 35.630 False
107.560, 129.488, 1.271, 35.663 False
107.519, 129.489, 1.223, 35.696 False
107.479, 129.489, 1.178, 35.729 False
107.441, 129.489, 1.135, 35.762 False
107.404, 129.489, 1.094, 35.795 False
107.368, 129.489, 1.054, 35.828 False
107.334, 129.489, 1.015, 35.861 False
107.301, 129.490, 0.978, 35.894 False
107.269, 129.490, 0.942, 35.927 False
107.238, 129.490, 0.908, 35.960 False
107.209, 129.490, 0.874, 35.993 False
107.180, 129.490, 0.842, 36.026 False
107.153, 129.490, 0.812, 36.059 False
107.126, 129.490, 0.782, 36.092 False
107.101, 129.490, 0.753, 36.125 False
107.076, 129.490, 0.726, 36.158 False
107.053, 129.490, 0.699, 36.191 False
107.030, 129.490, 0.674, 36.224 False
107.008, 129.489, 0.648, 36.257 False
106.987, 129.489, 0.624, 36.290 False
106.966, 129.489, 0.601, 36.323 False
106.947, 129.490, 0.578, 36.356 False
106.928, 129.490, 0.557, 36.389 False
106.910, 129.490, 0.537, 36.422 False
106.892, 129.490, 0.518, 36.455 False
106.875, 129.490, 0.499, 36.488 False
106.859, 129.490, 0.481, 36.521 False
106.844, 129.489, 0.462, 36.554 False
106.829, 129.489, 0.445, 36.587 False
106.814, 129.489, 0.429, 36.620 False
106.800, 129.490, 0.411, 36.653 False
106.787, 129.490, 0.397, 36.686 False
106.774, 129.490, 0.383, 36.719 False
106.761, 129.490, 0.369, 36.752 False
106.749, 129.490, 0.355, 36.785 False
106.738, 129.490, 0.343, 36.818 False
106.726, 129.490, 0.330, 36.851 False
106.716, 129.490, 0.318, 36.884 False
106.705, 129.490, 0.306, 36.917 False
106.695, 129.490, 0.295, 36.950 False
106.686, 129.490, 0.284, 36.983 False
106.676, 129.490, 0.274, 37.016 False
106.668, 129.490, 0.264, 37.049 False
106.659, 129.490, 0.254, 37.082 False
106.651, 129.490, 0.245, 37.115 False
106.643, 129.490, 0.236, 37.148 False
106.635, 129.490, 0.228, 37.181 False
106.628, 129.490, 0.219, 37.214 False
106.620, 129.490, 0.211, 37.247 False
106.614, 129.490, 0.203, 37.280 False
106.607, 129.491, 0.194, 37.313 False
106.601, 129.492, 0.185, 37.346 False
106.595, 129.493, 0.175, 37.379 False
106.589, 129.495, 0.166, 37.412 False
106.584, 129.496, 0.156, 37.445 False
106.579, 129.498, 0.147, 37.478 False
106.574, 129.500, 0.137, 37.511 False
106.570, 129.502, 0.127, 37.544 False
106.566, 129.504, 0.117, 37.577 False
106.562, 129.506, 0.106, 37.610 False
106.559, 129.509, 0.098, 37.643 False
106.556, 129.511, 0.094, 37.676 False
106.553, 129.513, 0.090, 37.709 False
106.550, 129.515, 0.087, 37.742 False
106.547, 129.517, 0.084, 37.775 False
106.544, 129.519, 0.081, 37.808 False
106.542, 129.521, 0.079, 37.841 False
106.539, 129.523, 0.076, 37.874 False
106.537, 129.525, 0.073, 37.907 False
106.534, 129.527, 0.071, 37.940 False
106.532, 129.528, 0.068, 37.973 False
106.530, 129.530, 0.066, 38.006 False
106.528, 129.532, 0.064, 38.039 False
106.526, 129.533, 0.062, 38.072 False
106.524, 129.535, 0.060, 38.105 False
106.522, 129.536, 0.057, 38.138 False
106.520, 129.538, 0.055, 38.171 False
106.518, 129.539, 0.054, 38.204 False
106.517, 129.540, 0.052, 38.237 False
106.515, 129.541, 0.024, 38.270 False
106.515, 129.541, 0.009, 38.303 False
106.514, 129.542, 0.005, 38.336 False
106.514, 129.542, 0.003, 38.369 False
106.514, 129.543, 0.001, 38.402 False
106.514, 129.543, -0.001, 38.435 False
106.513, 129.543, -0.004, 38.468 False
106.513, 129.543, -0.005, 38.501 False
106.513, 129.543, -0.007, 38.534 False
106.513, 129.543, -0.009, 38.567 False
106.513, 129.543, -0.010, 38.600 False
106.513, 129.543, -0.012, 38.633 False
106.514, 129.543, -0.012, 38.666 False
106.514, 129.543, -0.018, 38.699 False
106.514, 129.543, -0.018, 38.732 False
106.514, 129.542, -0.017, 38.765 False
106.515, 129.542, -0.016, 38.798 False
106.515, 129.542, -0.017, 38.831 False
106.516, 129.542, -0.015, 38.864 False
106.516, 129.542, -0.002, 38.897 False
106.515, 129.542, 0.004, 38.930 False
106.515, 129.542, 0.009, 38.963 False
106.515, 129.542, 0.012, 38.996 False
106.514, 129.543, 0.014, 39.029 False
106.514, 129.543, 0.001, 39.062 False
106.514, 129.543, 0.001, 39.095 False
106.514, 129.543, 0.000, 39.128 False
106.513, 129.544, -0.001, 39.161 False
106.513, 129.544, -0.003, 39.194 False
106.513, 129.544, -0.005, 39.227 False
106.513, 129.544, -0.006, 39.260 False
106.512, 129.544, -0.006, 39.293 False
106.512, 129.545, -0.004, 39.326 False
106.511, 129.545, -0.001, 39.359 False
106.511, 129.545, 0.003, 39.392 False
106.510, 129.545, 0.007, 39.425 False
106.509, 129.545, 0.011, 39.458 False
106.508, 129.545, 0.015, 39.491 False
106.507, 129.545, 0.021, 39.524 False
106.505, 129.546, 0.040, 39.557 False
106.504, 129.546, 0.044, 39.590 False
106.502, 129.547, 0.048, 39.623 False
106.500, 129.548, 0.069, 39.656 False
106.497, 129.549, 0.109, 39.689 False
106.491, 129.553, 0.188, 39.722 False
106.484, 129.556, 0.231, 39.755 False
106.475, 129.562, 0.268, 39.788 False
106.466, 129.569, 0.279, 39.821 False
106.457, 129.576, 0.259, 39.854 False
106.446, 129.584, 0.331, 39.887 False
106.435, 129.592, 0.364, 39.920 False
106.423, 129.601, 0.411, 39.953 False
106.408, 129.610, 0.459, 39.986 False
106.391, 129.618, 0.528, 40.019 False
106.373, 129.628, 0.584, 40.052 False
106.353, 129.636, 0.604, 40.085 False
106.332, 129.645, 0.673, 40.118 False
106.309, 129.653, 0.714, 40.151 False
106.286, 129.661, 0.729, 40.184 False
106.262, 129.668, 0.774, 40.217 False
106.235, 129.675, 0.824, 40.250 False
106.207, 129.680, 0.855, 40.283 False
106.179, 129.686, 0.870, 40.316 False
106.149, 129.691, 0.902, 40.349 False
106.118, 129.696, 0.946, 40.382 False
106.084, 129.700, 1.050, 40.415 False
106.048, 129.705, 1.107, 40.448 False
106.011, 129.710, 1.136, 40.481 False
105.973, 129.716, 1.150, 40.514 False
105.935, 129.721, 1.172, 40.547 False
105.896, 129.726, 1.202, 40.580 False
105.855, 129.731, 1.244, 40.613 False
105.813, 129.736, 1.289, 40.646 False
105.769, 129.742, 1.339, 40.679 False
105.723, 129.748, 1.385, 40.712 False
105.676, 129.753, 1.433, 40.745 False
105.627, 129.759, 1.479, 40.778 False
105.577, 129.766, 1.525, 40.811 False
105.526, 129.772, 1.569, 40.844 False
105.473, 129.778, 1.613, 40.877 False
105.418, 129.785, 1.655, 40.910 False
105.362, 129.792, 1.698, 40.943 False
105.305, 129.798, 1.740, 40.976 False
105.246, 129.805, 1.784, 41.009 False
105.186, 129.812, 1.826, 41.042 False
105.125, 129.819, 1.868, 41.075 False
105.062, 129.826, 1.908, 41.108 False
104.998, 129.834, 1.950, 41.141 False
104.932, 129.842, 1.991, 41.174 False
104.865, 129.848, 2.028, 41.207 False
104.797, 129.856, 2.060, 41.240 False
104.728, 129.864, 2.088, 41.273 False
104.659, 129.872, 2.114, 41.306 False
104.588, 129.881, 2.139, 41.339 False
104.517, 129.888, 2.162, 41.372 False
104.445, 129.896, 2.185, 41.405 False
104.372, 129.903, 2.206, 41.438 False
104.298, 129.911, 2.227, 41.471 False
104.224, 129.918, 2.245, 41.504 False
104.149, 129.926, 2.263, 41.537 False
104.074, 129.933, 2.278, 41.570 False
103.998, 129.941, 2.294, 41.603 False
103.922, 129.948, 2.307, 41.636 False
103.845, 129.954, 2.320, 41.669 False
103.768, 129.961, 2.331, 41.702 False
103.690, 129.967, 2.343, 41.735 False
103.612, 129.971, 2.348, 41.768 False
103.534, 129.975, 2.358, 41.801 False
103.455, 129.977, 2.366, 41.834 False
103.376, 129.980, 2.379, 41.867 False
103.296, 129.982, 2.385, 41.900 False
103.216, 129.984, 2.396, 41.933 False
103.136, 129.985, 2.400, 41.966 False
103.056, 129.986, 2.409, 41.999 False
102.975, 129.988, 2.420, 42.032 False
102.895, 129.992, 2.427, 42.065 False
102.814, 129.994, 2.430, 42.098 False
102.733, 129.997, 2.435, 42.131 False
102.651, 129.998, 2.438, 42.164 False
102.570, 130.000, 2.443, 42.197 False
102.489, 130.001, 2.446, 42.230 False
102.407, 130.002, 2.451, 42.263 False
102.325, 130.001, 2.447, 42.296 False
102.243, 129.998, 2.446, 42.329 False
102.162, 129.994, 2.450, 42.362 False
102.080, 129.990, 2.458, 42.395 False
101.998, 129.985, 2.455, 42.428 False
101.916, 129.979, 2.464, 42.461 False
101.834, 129.973, 2.461, 42.494 False
101.751, 129.966, 2.470, 42.527 False
101.669, 129.958, 2.466, 42.560 False
101.587, 129.951, 2.474, 42.593 False
101.505, 129.942, 2.470, 42.626 False
101.422, 129.933, 2.478, 42.659 False
101.340, 129.923, 2.474, 42.692 False
101.258, 129.913, 2.482, 42.725 False
101.176, 129.902, 2.476, 42.758 False
101.093, 129.891, 2.485, 42.791 False
101.011, 129.878, 2.479, 42.824 False
100.929, 129.866, 2.488, 42.857 False
100.847, 129.852, 2.482, 42.890 False
100.765, 129.838, 2.490, 42.923 False
100.683, 129.823, 2.483, 42.956 False
100.601, 129.808, 2.492, 42.989 False
100.519, 129.792, 2.485, 43.022 False
100.437, 129.776, 2.494, 43.055 False
100.355, 129.761, 2.503, 43.088 False
100.272, 129.748, 2.507, 43.121 False
100.190, 129.733, 2.501, 43.154 False
100.108, 129.718, 2.503, 43.187 False
100.026, 129.702, 2.499, 43.220 False
99.944, 129.687, 2.503, 43.253 False
99.862, 129.669, 2.493, 43.286 False
99.782, 129.648, 2.480, 43.319 False
99.702, 129.626, 2.474, 43.352 False
99.621, 129.604, 2.490, 43.385 False
99.541, 129.580, 2.483, 43.418 False
99.461, 129.556, 2.494, 43.451 False
99.382, 129.530, 2.486, 43.484 False
99.302, 129.504, 2.490, 43.517 False
99.224, 129.476, 2.480, 43.550 False
99.145, 129.449, 2.493, 43.583 False
99.066, 129.419, 2.483, 43.616 False
98.988, 129.390, 2.496, 43.649 False
98.910, 129.359, 2.485, 43.682 False
98.832, 129.328, 2.497, 43.715 False
98.755, 129.296, 2.487, 43.748 False
98.677, 129.263, 2.498, 43.781 False
98.601, 129.229, 2.487, 43.814 False
98.524, 129.195, 2.500, 43.847 False
98.448, 129.160, 2.488, 43.880 False
98.372, 129.124, 2.501, 43.913 False
98.297, 129.087, 2.489, 43.946 False
98.221, 129.050, 2.501, 43.979 False
98.147, 129.012, 2.490, 44.012 False
98.072, 128.973, 2.502, 44.045 False
97.998, 128.933, 2.491, 44.078 False
97.924, 128.894, 2.503, 44.111 False
97.851, 128.852, 2.491, 44.144 False
97.778, 128.810, 2.497, 44.177 False
97.707, 128.767, 2.490, 44.210 False
97.635, 128.723, 2.499, 44.243 False
97.563, 128.678, 2.496, 44.276 False
97.492, 128.634, 2.506, 44.309 False
97.422, 128.588, 2.492, 44.342 False
97.351, 128.542, 2.505, 44.375 False
97.282, 128.495, 2.493, 44.408 False
97.212, 128.447, 2.505, 44.441 False
97.144, 128.398, 2.489, 44.474 False
97.075, 128.349, 2.499, 44.507 False
97.009, 128.298, 2.486, 44.540 False
96.941, 128.248, 2.501, 44.573 False
96.876, 128.195, 2.488, 44.606 False
96.810, 128.143, 2.502, 44.639 False
96.744, 128.090, 2.497, 44.672 False
96.678, 128.038, 2.511, 44.705 False
96.614, 127.984, 2.498, 44.738 False
96.549, 127.930, 2.507, 44.771 False
96.485, 127.875, 2.495, 44.804 False
96.421, 127.820, 2.506, 44.837 False
96.359, 127.764, 2.495, 44.870 False
96.296, 127.708, 2.507, 44.903 False
96.234, 127.651, 2.495, 44.936 False
96.173, 127.593, 2.507, 44.969 False
96.112, 127.535, 2.496, 45.002 False
96.052, 127.477, 2.507, 45.035 False
95.992, 127.417, 2.496, 45.068 False
95.933, 127.357, 2.508, 45.101 False
95.875, 127.297, 2.496, 45.134 False
95.816, 127.236, 2.508, 45.167 False
95.759, 127.174, 2.497, 45.200 False
95.702, 127.112, 2.502, 45.233 False
95.647, 127.049, 2.495, 45.266 False
95.591, 126.986, 2.504, 45.299 False
95.537, 126.922, 2.498, 45.332 False
95.482, 126.857, 2.505, 45.365 False
95.430, 126.792, 2.488, 45.398 False
95.379, 126.725, 2.489, 45.431 False
95.329, 126.657, 2.477, 45.464 False
95.279, 126.590, 2.497, 45.497 False
95.231, 126.521, 2.485, 45.530 False
95.182, 126.452, 2.501, 45.563 False
95.135, 126.382, 2.487, 45.596 False
95.088, 126.313, 2.502, 45.629 False
95.041, 126.242, 2.501, 45.662 False
94.993, 126.173, 2.514, 45.695 False
94.947, 126.102, 2.501, 45.728 False
94.901, 126.032, 2.510, 45.761 False
94.856, 125.960, 2.498, 45.794 False
94.811, 125.889, 2.509, 45.827 False
94.766, 125.818, 2.510, 45.860 False
94.721, 125.747, 2.519, 45.893 False
94.677, 125.675, 2.508, 45.926 False
94.632, 125.604, 2.515, 45.959 False
94.589, 125.531, 2.505, 45.992 False
94.545, 125.459, 2.513, 46.025 False
94.504, 125.387, 2.505, 46.058 False
94.461, 125.314, 2.513, 46.091 False
94.420, 125.240, 2.505, 46.124 False
94.379, 125.167, 2.512, 46.157 False
94.339, 125.093, 2.504, 46.190 False
94.299, 125.019, 2.512, 46.223 False
94.260, 124.945, 2.504, 46.256 False
94.221, 124.870, 2.508, 46.289 False
94.184, 124.795, 2.503, 46.322 False
94.147, 124.720, 2.509, 46.355 False
94.110, 124.644, 2.504, 46.388 False
94.074, 124.568, 2.510, 46.421 False
94.040, 124.492, 2.494, 46.454 False
94.007, 124.414, 2.492, 46.487 False
93.976, 124.337, 2.483, 46.520 False
93.945, 124.259, 2.501, 46.553 False
93.915, 124.180, 2.492, 46.586 False
93.884, 124.102, 2.505, 46.619 False
93.856, 124.023, 2.494, 46.652 False
93.827, 123.944, 2.506, 46.685 False
93.797, 123.865, 2.511, 46.718 False
93.767, 123.786, 2.519, 46.751 False
93.738, 123.707, 2.509, 46.784 False
93.709, 123.628, 2.514, 46.817 False
93.681, 123.549, 2.506, 46.850 False
93.653, 123.470, 2.513, 46.883 False
93.626, 123.390, 2.506, 46.916 False
93.599, 123.311, 2.512, 46.949 False
93.573, 123.231, 2.505, 46.982 False
93.547, 123.151, 2.509, 47.015 False
93.522, 123.071, 2.505, 47.048 False
93.497, 122.991, 2.510, 47.081 False
93.474, 122.910, 2.502, 47.114 False
93.450, 122.829, 2.510, 47.147 False
93.426, 122.749, 2.514, 47.180 False
93.401, 122.669, 2.518, 47.213 False
93.377, 122.588, 2.511, 47.246 False
93.352, 122.508, 2.514, 47.279 False
93.329, 122.427, 2.509, 47.312 False
93.304, 122.345, 2.499, 47.345 False
93.283, 122.263, 2.488, 47.378 False
93.263, 122.182, 2.494, 47.411 False
93.244, 122.100, 2.495, 47.444 False
93.224, 122.018, 2.504, 47.477 False
93.206, 121.936, 2.503, 47.510 False
93.188, 121.854, 2.509, 47.543 False
93.170, 121.772, 2.505, 47.576 False
93.152, 121.690, 2.509, 47.609 False
93.136, 121.608, 2.504, 47.642 False
93.119, 121.526, 2.509, 47.675 False
93.104, 121.443, 2.504, 47.708 False
93.088, 121.361, 2.510, 47.741 False
93.071, 121.278, 2.512, 47.774 False
93.054, 121.196, 2.515, 47.807 False
93.038, 121.114, 2.510, 47.840 False
93.022, 121.033, 2.526, 47.873 False
93.007, 120.952, 2.523, 47.906 False
92.991, 120.870, 2.521, 47.939 False
92.976, 120.788, 2.512, 47.972 False
92.960, 120.705, 2.511, 48.005 False
92.946, 120.623, 2.506, 48.038 False
92.931, 120.541, 2.508, 48.071 False
92.917, 120.458, 2.508, 48.104 False
92.901, 120.376, 2.510, 48.137 False
92.887, 120.294, 2.507, 48.170 False
92.872, 120.211, 2.508, 48.203 False
92.858, 120.129, 2.506, 48.236 False
92.844, 120.046, 2.507, 48.269 False
92.831, 119.964, 2.505, 48.302 False
92.817, 119.881, 2.507, 48.335 False
92.804, 119.799, 2.505, 48.368 False
92.790, 119.718, 2.515, 48.401 False
92.778, 119.636, 2.517, 48.434 False
92.766, 119.554, 2.517, 48.467 False
92.754, 119.471, 2.511, 48.500 False
92.742, 119.389, 2.509, 48.533 False
92.730, 119.306, 2.505, 48.566 False
92.719, 119.223, 2.504, 48.599 False
92.708, 119.140, 2.503, 48.632 False
92.697, 119.058, 2.503, 48.665 False
92.688, 118.975, 2.498, 48.698 False
92.678, 118.892, 2.499, 48.731 False
92.670, 118.808, 2.498, 48.764 False
92.661, 118.725, 2.501, 48.797 False
92.654, 118.642, 2.498, 48.830 False
92.645, 118.559, 2.502, 48.863 False
92.638, 118.476, 2.499, 48.896 False
92.631, 118.393, 2.502, 48.929 False
92.623, 118.309, 2.504, 48.962 False
92.615, 118.224, 2.496, 48.995 False
92.607, 118.140, 2.490, 49.028 False
92.598, 118.057, 2.494, 49.061 False
92.590, 117.974, 2.497, 49.094 False
92.582, 117.890, 2.501, 49.127 False
92.575, 117.807, 2.502, 49.160 False
92.567, 117.724, 2.504, 49.193 False
92.560, 117.641, 2.505, 49.226 False
92.552, 117.557, 2.506, 49.259 False
92.545, 117.474, 2.505, 49.292 False
92.537, 117.391, 2.505, 49.325 False
92.530, 117.308, 2.505, 49.358 False
92.523, 117.225, 2.505, 49.391 False
92.516, 117.142, 2.504, 49.424 False
92.509, 117.058, 2.505, 49.457 False
92.502, 116.975, 2.504, 49.490 False
92.496, 116.892, 2.504, 49.523 False
92.489, 116.809, 2.504, 49.556 False
92.483, 116.726, 2.504, 49.589 False
92.477, 116.642, 2.503, 49.622 False
92.471, 116.559, 2.504, 49.655 False
92.465, 116.476, 2.503, 49.688 False
92.459, 116.393, 2.503, 49.721 False
92.454, 116.309, 2.502, 49.754 False
92.449, 116.226, 2.503, 49.787 False
92.444, 116.143, 2.502, 49.820 False
92.439, 116.060, 2.503, 49.853 False
92.434, 115.976, 2.502, 49.886 False
92.429, 115.893, 2.503, 49.919 False
92.425, 115.810, 2.500, 49.952 False
92.421, 115.726, 2.501, 49.985 False
92.418, 115.643, 2.501, 50.018 False
92.415, 115.560, 2.502, 50.051 False
92.412, 115.476, 2.501, 50.084 False
92.409, 115.393, 2.502, 50.117 False
92.405, 115.310, 2.503, 50.150 False
92.402, 115.226, 2.503, 50.183 False
92.399, 115.143, 2.502, 50.216 False
92.394, 115.060, 2.503, 50.249 False
92.391, 114.976, 2.501, 50.282 False
92.387, 114.893, 2.502, 50.315 False
92.383, 114.810, 2.501, 50.348 False
92.380, 114.726, 2.501, 50.381 False
92.377, 114.643, 2.502, 50.414 False
92.373, 114.560, 2.502, 50.447 False
92.370, 114.476, 2.501, 50.480 False
92.366, 114.393, 2.502, 50.513 False
92.363, 114.310, 2.501, 50.546 False
92.359, 114.226, 2.501, 50.579 False
92.356, 114.143, 2.501, 50.612 False
92.352, 114.060, 2.501, 50.645 False
92.350, 113.977, 2.501, 50.678 False
92.346, 113.893, 2.501, 50.711 False
92.343, 113.810, 2.500, 50.744 False
92.340, 113.727, 2.501, 50.777 False
92.336, 113.643, 2.501, 50.810 False
92.333, 113.560, 2.501, 50.843 False
92.329, 113.477, 2.501, 50.876 False
92.325, 113.393, 2.501, 50.909 False
92.322, 113.310, 2.501, 50.942 False
92.319, 113.227, 2.501, 50.975 False
92.315, 113.144, 2.501, 51.008 False
92.313, 113.060, 2.500, 51.041 False
92.310, 112.977, 2.500, 51.074 False
92.308, 112.894, 2.500, 51.107 False
92.307, 112.810, 2.499, 51.140 False
92.305, 112.727, 2.500, 51.173 False
92.304, 112.644, 2.500, 51.206 False
92.303, 112.560, 2.500, 51.239 False
92.302, 112.477, 2.500, 51.272 False
92.300, 112.394, 2.501, 51.305 False
92.299, 112.310, 2.500, 51.338 False
92.297, 112.227, 2.501, 51.371 False
92.294, 112.144, 2.501, 51.404 False
92.292, 112.060, 2.501, 51.437 False
92.291, 111.977, 2.500, 51.470 False
92.289, 111.894, 2.500, 51.503 False
92.288, 111.810, 2.500, 51.536 False
92.286, 111.727, 2.501, 51.569 False
92.285, 111.644, 2.500, 51.602 False
92.284, 111.560, 2.500, 51.635 False
92.283, 111.477, 2.500, 51.668 False
92.281, 111.394, 2.500, 51.701 False
92.280, 111.310, 2.500, 51.734 False
92.278, 111.227, 2.500, 51.767 False
92.277, 111.144, 2.501, 51.800 False
92.275, 111.060, 2.501, 51.833 False
92.273, 110.977, 2.501, 51.866 False
92.272, 110.894, 2.501, 51.899 False
92.270, 110.810, 2.501, 51.932 False
92.268, 110.727, 2.501, 51.965 False
92.267, 110.644, 2.501, 51.998 False
92.265, 110.560, 2.501, 52.031 False
92.263, 110.477, 2.501, 52.064 False
92.262, 110.394, 2.501, 52.097 False
92.260, 110.310, 2.501, 52.130 False
92.258, 110.227, 2.501, 52.163 False
92.257, 110.144, 2.501, 52.196 False
92.255, 110.060, 2.501, 52.229 False
92.255, 109.977, 2.500, 52.262 False
92.255, 109.894, 2.500, 52.295 False
92.255, 109.810, 2.500, 52.328 False
92.255, 109.727, 2.500, 52.361 False
92.255, 109.644, 2.501, 52.394 False
92.255, 109.560, 2.500, 52.427 False
92.254, 109.477, 2.500, 52.460 False
92.255, 109.394, 2.500, 52.493 False
92.254, 109.310, 2.500, 52.526 False
92.253, 109.227, 2.501, 52.559 False
92.253, 109.144, 2.501, 52.592 False
92.252, 109.060, 2.501, 52.625 False
92.251, 108.977, 2.501, 52.658 False
92.252, 108.893, 2.500, 52.691 False
92.252, 108.810, 2.500, 52.724 False
92.252, 108.727, 2.500, 52.757 False
92.251, 108.643, 2.501, 52.790 False
92.250, 108.560, 2.501, 52.823 False
92.250, 108.477, 2.501, 52.856 False
92.249, 108.393, 2.500, 52.889 False
92.249, 108.310, 2.500, 52.922 False
92.249, 108.227, 2.500, 52.955 False
92.249, 108.143, 2.500, 52.988 False
92.248, 108.060, 2.500, 53.021 False
92.248, 107.977, 2.500, 53.054 False
92.247, 107.893, 2.500, 53.087 False
92.247, 107.810, 2.500, 53.120 False
92.246, 107.727, 2.500, 53.153 False
92.246, 107.643, 2.500, 53.186 False
92.246, 107.560, 2.500, 53.219 False
92.245, 107.477, 2.500, 53.252 False
92.245, 107.393, 2.500, 53.285 False
92.244, 107.310, 2.500, 53.318 False
92.244, 107.227, 2.500, 53.351 False
92.244, 107.143, 2.500, 53.384 False
92.243, 107.060, 2.500, 53.417 False
92.244, 106.977, 2.500, 53.450 False
92.244, 106.893, 2.500, 53.483 False
92.245, 106.810, 2.500, 53.516 False
92.245, 106.727, 2.500, 53.549 False
92.245, 106.643, 2.500, 53.582 False
92.245, 106.560, 2.500, 53.615 False
92.245, 106.477, 2.500, 53.648 False
92.245, 106.393, 2.500, 53.681 False
92.245, 106.310, 2.500, 53.714 False
92.245, 106.227, 2.500, 53.747 False
92.245, 106.143, 2.500, 53.780 False
92.245, 106.060, 2.500, 53.813 False
92.245, 105.977, 2.500, 53.846 False
92.245, 105.893, 2.500, 53.879 False
92.245, 105.810, 2.500, 53.912 False
92.245, 105.727, 2.500, 53.945 False
92.245, 105.643, 2.500, 53.978 False
92.245, 105.560, 2.500, 54.011 False
92.245, 105.477, 2.500, 54.044 False
92.244, 105.393, 2.500, 54.077 False
92.244, 105.310, 2.500, 54.110 False
92.244, 105.227, 2.500, 54.143 False
92.244, 105.143, 2.500, 54.176 False
92.244, 105.060, 2.500, 54.209 False
92.244, 104.977, 2.500, 54.242 False
92.244, 104.893, 2.500, 54.275 False
92.244, 104.810, 2.500, 54.308 False
92.244, 104.727, 2.500, 54.341 False
92.244, 104.643, 2.500, 54.374 False
92.244, 104.560, 2.500, 54.407 False
92.245, 104.476, 2.500, 54.440 False
92.245, 104.393, 2.500, 54.473 False
92.245, 104.310, 2.500, 54.506 False
92.245, 104.226, 2.500, 54.539 False
92.245, 104.143, 2.500, 54.572 False
92.245, 104.060, 2.500, 54.605 False
92.245, 103.976, 2.500, 54.638 False
92.245, 103.893, 2.500, 54.671 False
92.245, 103.810, 2.500, 54.704 False
92.246, 103.726, 2.500, 54.737 False
92.248, 103.643, 2.499, 54.770 False
92.249, 103.560, 2.500, 54.803 False
92.249, 103.476, 2.500, 54.836 False
92.250, 103.393, 2.500, 54.869 False
92.250, 103.310, 2.500, 54.902 False
92.250, 103.226, 2.500, 54.935 False
92.251, 103.143, 2.500, 54.968 False
92.251, 103.060, 2.500, 55.001 False
92.251, 102.976, 2.500, 55.034 False
92.252, 102.893, 2.500, 55.067 False
92.252, 102.810, 2.500, 55.100 False
92.253, 102.726, 2.500, 55.133 False
92.253, 102.643, 2.500, 55.166 False
92.253, 102.560, 2.500, 55.199 False
92.254, 102.476, 2.500, 55.232 False
92.254, 102.393, 2.500, 55.265 False
92.254, 102.310, 2.500, 55.298 False
92.255, 102.226, 2.500, 55.331 False
92.255, 102.143, 2.500, 55.364 False
92.255, 102.060, 2.500, 55.397 False
92.256, 101.976, 2.500, 55.430 False
92.256, 101.893, 2.500, 55.463 False
92.256, 101.810, 2.500, 55.496 False
92.257, 101.726, 2.500, 55.529 False
92.257, 101.643, 2.500, 55.562 False
92.258, 101.560, 2.500, 55.595 False
92.258, 101.476, 2.500, 55.628 False
92.258, 101.393, 2.500, 55.661 False
92.259, 101.310, 2.500, 55.694 False
92.260, 101.226, 2.500, 55.727 False
92.261, 101.143, 2.500, 55.760 False
92.261, 101.060, 2.500, 55.793 False
92.262, 100.976, 2.500, 55.826 False
92.262, 100.893, 2.500, 55.859 False
92.263, 100.810, 2.500, 55.892 False
92.263, 100.726, 2.500, 55.925 False
92.264, 100.643, 2.500, 55.958 False
92.264, 100.560, 2.500, 55.991 False
92.265, 100.476, 2.500, 56.024 False
92.265, 100.393, 2.500, 56.057 False
92.266, 100.310, 2.500, 56.090 False
92.267, 100.226, 2.500, 56.123 False
92.267, 100.143, 2.500, 56.156 False
92.268, 100.060, 2.500, 56.189 False
92.268, 99.976, 2.500, 56.222 False
92.269, 99.893, 2.500, 56.255 False
92.269, 99.810, 2.500, 56.288 False
92.270, 99.726, 2.500, 56.321 False
92.270, 99.643, 2.500, 56.354 False
92.271, 99.560, 2.500, 56.387 False
92.271, 99.476, 2.500, 56.420 False
92.272, 99.393, 2.500, 56.453 False
92.272, 99.310, 2.500, 56.486 False
92.273, 99.226, 2.500, 56.519 False
92.273, 99.143, 2.500, 56.552 False
92.274, 99.060, 2.500, 56.585 False
92.274, 98.976, 2.500, 56.618 False
92.275, 98.893, 2.500, 56.651 False
92.276, 98.810, 2.500, 56.684 False
92.276, 98.726, 2.500, 56.717 False
92.277, 98.643, 2.500, 56.750 False
92.277, 98.559, 2.500, 56.783 False
92.278, 98.476, 2.500, 56.816 False
92.278, 98.393, 2.500, 56.849 False
92.279, 98.309, 2.500, 56.882 False
92.279, 98.226, 2.500, 56.915 False
92.280, 98.143, 2.500, 56.948 False
92.280, 98.059, 2.500, 56.981 False
92.281, 97.976, 2.500, 57.014 False
92.282, 97.893, 2.500, 57.047 False
92.282, 97.809, 2.500, 57.080 False
92.283, 97.726, 2.500, 57.113 False
92.283, 97.643, 2.500, 57.146 False
92.284, 97.559, 2.500, 57.179 False
92.284, 97.476, 2.500, 57.212 False
92.285, 97.393, 2.500, 57.245 False
92.286, 97.309, 2.500, 57.278 False
92.286, 97.226, 2.500, 57.311 False
92.287, 97.143, 2.500, 57.344 False
92.287, 97.059, 2.500, 57.377 False
92.288, 96.976, 2.500, 57.410 False
92.288, 96.893, 2.500, 57.443 False
92.289, 96.809, 2.500, 57.476 False
92.290, 96.726, 2.500, 57.509 False
92.290, 96.643, 2.500, 57.542 False
92.291, 96.559, 2.500, 57.575 False
92.291, 96.476, 2.500, 57.608 False
92.292, 96.393, 2.500, 57.641 False
92.292, 96.309, 2.500, 57.674 False
92.293, 96.226, 2.500, 57.707 False
92.294, 96.143, 2.500, 57.740 False
92.294, 96.059, 2.500, 57.773 False
92.295, 95.976, 2.500, 57.806 False
92.295, 95.893, 2.500, 57.839 False
92.296, 95.809, 2.500, 57.872 False
92.297, 95.726, 2.500, 57.905 False
92.297, 95.643, 2.500, 57.938 False
92.298, 95.559, 2.500, 57.971 False
92.298, 95.476, 2.500, 58.004 False
92.299, 95.393, 2.500, 58.037 False
92.299, 95.309, 2.500, 58.070 False
92.300, 95.226, 2.500, 58.103 False
92.301, 95.143, 2.500, 58.136 False
92.301, 95.059, 2.500, 58.169 False
92.302, 94.976, 2.500, 58.202 False
92.302, 94.893, 2.500, 58.235 False
92.303, 94.809, 2.500, 58.268 False
92.304, 94.726, 2.500, 58.301 False
92.304, 94.643, 2.500, 58.334 False
92.305, 94.559, 2.500, 58.367 False
92.305, 94.476, 2.500, 58.400 False
92.306, 94.392, 2.500, 58.433 False
92.306, 94.309, 2.500, 58.466 False
92.307, 94.226, 2.500, 58.499 False
92.308, 94.142, 2.500, 58.532 False
92.308, 94.059, 2.500, 58.565 False
92.309, 93.976, 2.500, 58.598 False
92.309, 93.892, 2.500, 58.631 False
92.310, 93.809, 2.500, 58.664 False
92.310, 93.726, 2.500, 58.697 False
92.311, 93.642, 2.500, 58.730 False
92.312, 93.559, 2.500, 58.763 False
92.312, 93.476, 2.500, 58.796 False
92.313, 93.392, 2.500, 58.829 False
92.313, 93.309, 2.500, 58.862 False
92.314, 93.226, 2.500, 58.895 False
92.314, 93.142, 2.500, 58.928 False
92.315, 93.059, 2.500, 58.961 False
92.315, 92.976, 2.500, 58.994 False
92.316, 92.892, 2.500, 59.027 False
92.315, 92.809, 2.499, 59.060 False
92.316, 92.726, 2.500, 59.093 False
92.316, 92.642, 2.500, 59.126 False
92.317, 92.559, 2.500, 59.159 False
92.317, 92.476, 2.500, 59.192 False
92.317, 92.392, 2.500, 59.225 False
92.318, 92.309, 2.500, 59.258 False
92.318, 92.226, 2.500, 59.291 False
92.319, 92.142, 2.500, 59.324 False
92.319, 92.059, 2.500, 59.357 False
92.320, 91.976, 2.500, 59.390 False
92.320, 91.892, 2.500, 59.423 False
92.321, 91.809, 2.500, 59.456 False
92.321, 91.726, 2.500, 59.489 False
92.322, 91.642, 2.500, 59.522 False
92.322, 91.559, 2.500, 59.555 False
92.323, 91.476, 2.500, 59.588 False
92.323, 91.392, 2.500, 59.621 False
92.323, 91.309, 2.500, 59.654 False
92.324, 91.226, 2.500, 59.687 False
92.324, 91.142, 2.500, 59.720 False
92.325, 91.059, 2.500, 59.753 False
92.325, 90.976, 2.500, 59.786 False
92.326, 90.892, 2.500, 59.819 False
92.326, 90.809, 2.500, 59.852 False
92.326, 90.726, 2.500, 59.885 False
92.327, 90.642, 2.500, 59.918 False
92.327, 90.559, 2.500, 59.951 False
92.328, 90.476, 2.500, 59.984 False
92.328, 90.392, 2.500, 60.017 False
92.328, 90.309, 2.500, 60.050 False
92.329, 90.226, 2.500, 60.083 False
92.329, 90.142, 2.500, 60.116 False
92.329, 90.059, 2.500, 60.149 False
92.330, 89.976, 2.500, 60.182 False
92.330, 89.892, 2.500, 60.215 False
92.330, 89.809, 2.500, 60.248 False
92.331, 89.726, 2.500, 60.281 False
92.331, 89.642, 2.500, 60.314 False
92.331, 89.559, 2.500, 60.347 False
92.332, 89.475, 2.500, 60.380 False
92.332, 89.392, 2.500, 60.413 False
92.332, 89.309, 2.500, 60.446 False
92.332, 89.225, 2.500, 60.479 False
92.333, 89.142, 2.500, 60.512 False
92.333, 89.059, 2.500, 60.545 False
92.333, 88.975, 2.500, 60.578 False
92.333, 88.892, 2.500, 60.611 False
92.333, 88.809, 2.500, 60.644 False
92.334, 88.725, 2.500, 60.677 False
